"2" "3" "4" "5" "6" "7" "8" "9" "10" "15" "20"
"2" 1.494 0 0 0 0 0 0 0 0 0 0
"3" 1.45 0 0 0 0 0 0 0 0 0 0
"4" 1.403 0 0 0 0 0 0 0 0 0 0
"5" 1.365 0 0 0 0 0 0 0 0 0 0
"6" 1.335 0 0 0 0 0 0 0 0 0 0
"7" 1.311 0 0 0 0 0 0 0 0 0 0
"8" 1.291 0 0 0 0 0 0 0 0 0 0
"9" 1.275 0 0 0 0 0 0 0 0 0 0
"10" 1.261 0 0 0 0 0 0 0 0 0 0
"12" 0 0 0 0 0 0 0 0 0 0 0
"14" 0 0 0 0 0 0 0 0 0 0 0
"16" 0 0 0 0 0 0 0 0 0 0 0
"18" 0 0 0 0 0 0 0 0 0 0 0
"20" 0 0 0 0 0 0 0 0 0 0 0
"25" 0 0 0 0 0 0 0 0 0 0 0
"30" 0 0 0 0 0 0 0 0 0 0 0
"40" 0 0 0 0 0 0 0 0 0 0 1.146
"60" 0 0 0 0 0 0 0 0 0 0 0
