"2" "3" "4" "5" "6" "7" "8" "9" "10" "15" "20"
"2" 1.5 1.661 1.729 1.758 1.77 1.775 1.776 1.776 1.775 1.766 1.757
"3" 1.495 1.62 1.652 1.66 1.66 1.657 1.655 1.652 1.649 1.633 1.62
"4" 1.48 1.569 1.585 1.586 1.584 1.58 1.575 1.571 1.567 1.549 1.537
"5" 1.458 1.524 1.533 1.531 1.527 1.523 1.518 1.513 1.509 1.492 1.48
"6" 1.437 1.488 1.491 1.49 1.48401000000001 1.48 1.475 1.47 1.466 1.449 1.438
"7" 1.417 1.457 1.46 1.456 1.451 1.446 1.44 1.436 1.432 1.416 1.405
"8" 1.399 1.431 1.432 1.428 1.423 1.418 1.413 1.409 1.405 1.389 1.378
"9" 1.382 1.409 1.409 1.405 1.4 1.394 1.39 1.385 1.382 1.367 1.357
"10" 1.368 1.39 1.39 1.385 1.38 1.375 1.37 1.366 1.363 1.348 1.338
"12" 1.342 1.36 1.358 1.353 1.348 1.343 1.339 1.335 1.331 1.318 1.309
"14" 1.321 1.335 1.333 1.328 1.323 1.318 1.314 1.31 1.307 1.294 1.285
"16" 1.303 1.314 1.312 1.308 1.302 1.298 1.294 1.29 1.287 1.275 1.267
"18" 1.287 1.297 1.295 1.29 1.286 1.281 1.277 1.274 1.271 1.259 1.252
"20" 1.275 1.283 1.28 1.276 1.271 1.267 1.263 1.26 1.257 1.246 1.239
"25" 1.248 1.254 1.251 1.247 1.243 1.239 1.236 1.233 1.23 1.22 1.213
"30" 1.228 1.232 1.23 1.226 1.222 1.218 1.215 1.212 1.21 1.201 1.195
"40" 1.199 1.202 1.199 1.196 1.192 1.189 1.187 1.184 1.182 1.174 1.168
"60" 1.164 1.166 1.163 1.16 1.157 0 0 0 0 0 0
