"2" "3" "4" "5" "6" "7" "8" "9" "10" "15" "20"
"2" 1.498 1.641 1.688 1.706 1.715 1.719 1.721 1.723 1.723 1.72 1.715
"3" 1.475 1.561 1.583 1.591 1.594 1.596 1.595 1.594 1.593 1.585 1.579
"4" 1.439 1.497 1.511 1.516 1.518 1.517 1.516 1.515 1.513 1.505 1.498
"5" 1.406 1.449 1.46 1.464 1.465 1.463 1.462 1.46 1.458 1.45 1.443
"6" 1.377 1.412 1.422 1.425 1.425 1.423 1.422 1.42 1.418 1.41 1.403
"7" 1.353 1.383 1.392 1.394 1.393 1.392 1.39 1.388 1.387 1.379 1.373
"8" 1.333 1.36 1.367 1.369 1.368 1.367 1.365 1.363 1.361 1.354 1.348
"9" 1.316 1.34 1.347 1.348 1.347 1.346 1.344 1.343 1.341 1.333 1.328
"10" 1.301 1.323 1.329 1.33 1.33 1.328 1.326 1.325 1.323 1.316 1.31
"12" 1.276 1.296 1.301 1.302 1.301 1.3 1.298 1.296 1.295 1.288 1.283
"14" 1.257 1.275 1.279 1.28 1.279 1.277 1.276 1.274 1.273 1.266 1.261
"16" 1.241 1.258 1.261 1.262 1.261 1.259 1.258 1.256 1.255 1.249 1.244
"18" 1.228 1.243 1.247 1.247 1.246 1.244 1.243 1.241 1.24 0 1.23
"20" 1.216 1.231 1.234 1.234 1.233 1.232 1.231 1.229 1.228 0 0
"25" 1.194 1.207 1.21 1.21 1.209 1.207 1.206 1.205 1.204 0 0
"30" 1.178 1.189 1.192 1.192 1.19 1.189 1.188 1.187 0 0 0
"40" 1.154 1.164 1.166 1.166 1.165 0 0 0 0 0 1.154
"60" 1.126 1.134 1.136 1.135 1.135 0 0 0 0 0 0
